Verification Case 3: Refined Bridge Dynamic (Step Load)
126 2 1 1 1
0.005 400 0.8 0.15 0.005
1 1 1 1 1 1 1 0 0 0
2 1 1 1 1 1 1 0 0 1
3 1 1 1 1 1 1 0 0 2
4 1 1 1 1 1 1 0 0 3
5 0 0 0 0 0 0 0 3 0
6 0 0 0 0 0 0 0 3 3
7 0 0 0 0 0 0 0.666667 0 0
8 0 0 0 0 0 0 0.666667 0 3
9 0 0 0 0 0 0 1.33333 0 0
10 0 0 0 0 0 0 1.33333 0 3
11 0 0 0 0 0 0 2 0 0
12 0 0 0 0 0 0 2 0 1
13 0 0 0 0 0 0 2 0 2
14 0 0 0 0 0 0 2 0 3
15 0 0 0 0 0 0 2 3 0
16 0 0 0 0 0 0 2 3 3
17 0 0 0 0 0 0 2.66667 0 0
18 0 0 0 0 0 0 2.66667 0 3
19 0 0 0 0 0 0 3.33333 0 0
20 0 0 0 0 0 0 3.33333 0 3
21 0 0 0 0 0 0 4 0 0
22 0 0 0 0 0 0 4 0 1
23 0 0 0 0 0 0 4 0 2
24 0 0 0 0 0 0 4 0 3
25 0 0 0 0 0 0 4 3 0
26 0 0 0 0 0 0 4 3 3
27 0 0 0 0 0 0 4.66667 0 0
28 0 0 0 0 0 0 4.66667 0 3
29 0 0 0 0 0 0 5.33333 0 0
30 0 0 0 0 0 0 5.33333 0 3
31 0 0 0 0 0 0 6 0 0
32 0 0 0 0 0 0 6 0 1
33 0 0 0 0 0 0 6 0 2
34 0 0 0 0 0 0 6 0 3
35 0 0 0 0 0 0 6 3 0
36 0 0 0 0 0 0 6 3 3
37 0 0 0 0 0 0 6.66667 0 0
38 0 0 0 0 0 0 6.66667 0 3
39 0 0 0 0 0 0 7.33333 0 0
40 0 0 0 0 0 0 7.33333 0 3
41 0 0 0 0 0 0 8 0 0
42 0 0 0 0 0 0 8 0 1
43 0 0 0 0 0 0 8 0 2
44 0 0 0 0 0 0 8 0 3
45 0 0 0 0 0 0 8 3 0
46 0 0 0 0 0 0 8 3 3
47 0 0 0 0 0 0 8.66667 0 0
48 0 0 0 0 0 0 8.66667 0 3
49 0 0 0 0 0 0 9.33333 0 0
50 0 0 0 0 0 0 9.33333 0 3
51 0 0 0 0 0 0 10 0 0
52 0 0 0 0 0 0 10 0 1
53 0 0 0 0 0 0 10 0 2
54 0 0 0 0 0 0 10 0 3
55 0 0 0 0 0 0 10 3 0
56 0 0 0 0 0 0 10 3 3
57 0 0 0 0 0 0 10.6667 0 0
58 0 0 0 0 0 0 10.6667 0 3
59 0 0 0 0 0 0 11.3333 0 0
60 0 0 0 0 0 0 11.3333 0 3
61 0 0 0 0 0 0 12 0 0
62 0 0 0 0 0 0 12 0 1
63 0 0 0 0 0 0 12 0 2
64 0 0 0 0 0 0 12 0 3
65 0 0 0 0 0 0 12 3 0
66 0 0 0 0 0 0 12 3 3
67 0 0 0 0 0 0 12.6667 0 0
68 0 0 0 0 0 0 12.6667 0 3
69 0 0 0 0 0 0 13.3333 0 0
70 0 0 0 0 0 0 13.3333 0 3
71 0 0 0 0 0 0 14 0 0
72 0 0 0 0 0 0 14 0 1
73 0 0 0 0 0 0 14 0 2
74 0 0 0 0 0 0 14 0 3
75 0 0 0 0 0 0 14 3 0
76 0 0 0 0 0 0 14 3 3
77 0 0 0 0 0 0 14.6667 0 0
78 0 0 0 0 0 0 14.6667 0 3
79 0 0 0 0 0 0 15.3333 0 0
80 0 0 0 0 0 0 15.3333 0 3
81 0 0 0 0 0 0 16 0 0
82 0 0 0 0 0 0 16 0 1
83 0 0 0 0 0 0 16 0 2
84 0 0 0 0 0 0 16 0 3
85 0 0 0 0 0 0 16 3 0
86 0 0 0 0 0 0 16 3 3
87 0 0 0 0 0 0 16.6667 0 0
88 0 0 0 0 0 0 16.6667 0 3
89 0 0 0 0 0 0 17.3333 0 0
90 0 0 0 0 0 0 17.3333 0 3
91 0 0 0 0 0 0 18 0 0
92 0 0 0 0 0 0 18 0 1
93 0 0 0 0 0 0 18 0 2
94 0 0 0 0 0 0 18 0 3
95 0 0 0 0 0 0 18 3 0
96 0 0 0 0 0 0 18 3 3
97 0 0 0 0 0 0 18.6667 0 0
98 0 0 0 0 0 0 18.6667 0 3
99 0 0 0 0 0 0 19.3333 0 0
100 0 0 0 0 0 0 19.3333 0 3
101 0 0 0 0 0 0 20 0 0
102 0 0 0 0 0 0 20 0 1
103 0 0 0 0 0 0 20 0 2
104 0 0 0 0 0 0 20 0 3
105 0 0 0 0 0 0 20 3 0
106 0 0 0 0 0 0 20 3 3
107 0 0 0 0 0 0 20.6667 0 0
108 0 0 0 0 0 0 20.6667 0 3
109 0 0 0 0 0 0 21.3333 0 0
110 0 0 0 0 0 0 21.3333 0 3
111 0 0 0 0 0 0 22 0 0
112 0 0 0 0 0 0 22 0 1
113 0 0 0 0 0 0 22 0 2
114 0 0 0 0 0 0 22 0 3
115 0 0 0 0 0 0 22 3 0
116 0 0 0 0 0 0 22 3 3
117 0 0 0 0 0 0 22.6667 0 0
118 0 0 0 0 0 0 22.6667 0 3
119 0 0 0 0 0 0 23.3333 0 0
120 0 0 0 0 0 0 23.3333 0 3
121 0 1 1 1 1 1 24 0 0
122 0 1 1 1 1 1 24 0 1
123 0 1 1 1 1 1 24 0 2
124 0 1 1 1 1 1 24 0 3
125 0 0 0 0 0 0 24 3 0
126 0 0 0 0 0 0 24 3 3
1 100
1 2 -5000
2 2 -5000
3 2 -5000
4 2 -5000
7 2 -5000
8 2 -5000
9 2 -5000
10 2 -5000
11 2 -5000
12 2 -5000
13 2 -5000
14 2 -5000
17 2 -5000
18 2 -5000
19 2 -5000
20 2 -5000
21 2 -5000
22 2 -5000
23 2 -5000
24 2 -5000
27 2 -5000
28 2 -5000
29 2 -5000
30 2 -5000
31 2 -5000
32 2 -5000
33 2 -5000
34 2 -5000
37 2 -5000
38 2 -5000
39 2 -5000
40 2 -5000
41 2 -5000
42 2 -5000
43 2 -5000
44 2 -5000
47 2 -5000
48 2 -5000
49 2 -5000
50 2 -5000
51 2 -5000
52 2 -5000
53 2 -5000
54 2 -5000
57 2 -5000
58 2 -5000
59 2 -5000
60 2 -5000
61 2 -5000
62 2 -5000
63 2 -5000
64 2 -5000
67 2 -5000
68 2 -5000
69 2 -5000
70 2 -5000
71 2 -5000
72 2 -5000
73 2 -5000
74 2 -5000
77 2 -5000
78 2 -5000
79 2 -5000
80 2 -5000
81 2 -5000
82 2 -5000
83 2 -5000
84 2 -5000
87 2 -5000
88 2 -5000
89 2 -5000
90 2 -5000
91 2 -5000
92 2 -5000
93 2 -5000
94 2 -5000
97 2 -5000
98 2 -5000
99 2 -5000
100 2 -5000
101 2 -5000
102 2 -5000
103 2 -5000
104 2 -5000
107 2 -5000
108 2 -5000
109 2 -5000
110 2 -5000
111 2 -5000
112 2 -5000
113 2 -5000
114 2 -5000
117 2 -5000
118 2 -5000
119 2 -5000
120 2 -5000
121 2 -5000
122 2 -5000
123 2 -5000
124 2 -5000
2 137 1
1 2e11 7.69e10 0.01 8.33333e-6 8.33333e-6 1.41e-5 7850
1 1 2 1 0 1 0
2 2 3 1 0 1 0
3 3 4 1 0 1 0
4 11 12 1 0 1 0
5 12 13 1 0 1 0
6 13 14 1 0 1 0
7 21 22 1 0 1 0
8 22 23 1 0 1 0
9 23 24 1 0 1 0
10 31 32 1 0 1 0
11 32 33 1 0 1 0
12 33 34 1 0 1 0
13 41 42 1 0 1 0
14 42 43 1 0 1 0
15 43 44 1 0 1 0
16 51 52 1 0 1 0
17 52 53 1 0 1 0
18 53 54 1 0 1 0
19 61 62 1 0 1 0
20 62 63 1 0 1 0
21 63 64 1 0 1 0
22 71 72 1 0 1 0
23 72 73 1 0 1 0
24 73 74 1 0 1 0
25 81 82 1 0 1 0
26 82 83 1 0 1 0
27 83 84 1 0 1 0
28 91 92 1 0 1 0
29 92 93 1 0 1 0
30 93 94 1 0 1 0
31 101 102 1 0 1 0
32 102 103 1 0 1 0
33 103 104 1 0 1 0
34 111 112 1 0 1 0
35 112 113 1 0 1 0
36 113 114 1 0 1 0
37 121 122 1 0 1 0
38 122 123 1 0 1 0
39 123 124 1 0 1 0
40 1 7 1 0 1 0
41 7 9 1 0 1 0
42 9 11 1 0 1 0
43 4 8 1 0 1 0
44 8 10 1 0 1 0
45 10 14 1 0 1 0
46 11 17 1 0 1 0
47 17 19 1 0 1 0
48 19 21 1 0 1 0
49 14 18 1 0 1 0
50 18 20 1 0 1 0
51 20 24 1 0 1 0
52 21 27 1 0 1 0
53 27 29 1 0 1 0
54 29 31 1 0 1 0
55 24 28 1 0 1 0
56 28 30 1 0 1 0
57 30 34 1 0 1 0
58 31 37 1 0 1 0
59 37 39 1 0 1 0
60 39 41 1 0 1 0
61 34 38 1 0 1 0
62 38 40 1 0 1 0
63 40 44 1 0 1 0
64 41 47 1 0 1 0
65 47 49 1 0 1 0
66 49 51 1 0 1 0
67 44 48 1 0 1 0
68 48 50 1 0 1 0
69 50 54 1 0 1 0
70 51 57 1 0 1 0
71 57 59 1 0 1 0
72 59 61 1 0 1 0
73 54 58 1 0 1 0
74 58 60 1 0 1 0
75 60 64 1 0 1 0
76 61 67 1 0 1 0
77 67 69 1 0 1 0
78 69 71 1 0 1 0
79 64 68 1 0 1 0
80 68 70 1 0 1 0
81 70 74 1 0 1 0
82 71 77 1 0 1 0
83 77 79 1 0 1 0
84 79 81 1 0 1 0
85 74 78 1 0 1 0
86 78 80 1 0 1 0
87 80 84 1 0 1 0
88 81 87 1 0 1 0
89 87 89 1 0 1 0
90 89 91 1 0 1 0
91 84 88 1 0 1 0
92 88 90 1 0 1 0
93 90 94 1 0 1 0
94 91 97 1 0 1 0
95 97 99 1 0 1 0
96 99 101 1 0 1 0
97 94 98 1 0 1 0
98 98 100 1 0 1 0
99 100 104 1 0 1 0
100 101 107 1 0 1 0
101 107 109 1 0 1 0
102 109 111 1 0 1 0
103 104 108 1 0 1 0
104 108 110 1 0 1 0
105 110 114 1 0 1 0
106 111 117 1 0 1 0
107 117 119 1 0 1 0
108 119 121 1 0 1 0
109 114 118 1 0 1 0
110 118 120 1 0 1 0
111 120 124 1 0 1 0
112 1 5 1 1 0 0
113 4 6 1 1 0 0
114 11 15 1 1 0 0
115 14 16 1 1 0 0
116 21 25 1 1 0 0
117 24 26 1 1 0 0
118 31 35 1 1 0 0
119 34 36 1 1 0 0
120 41 45 1 1 0 0
121 44 46 1 1 0 0
122 51 55 1 1 0 0
123 54 56 1 1 0 0
124 61 65 1 1 0 0
125 64 66 1 1 0 0
126 71 75 1 1 0 0
127 74 76 1 1 0 0
128 81 85 1 1 0 0
129 84 86 1 1 0 0
130 91 95 1 1 0 0
131 94 96 1 1 0 0
132 101 105 1 1 0 0
133 104 106 1 1 0 0
134 111 115 1 1 0 0
135 114 116 1 1 0 0
136 121 125 1 1 0 0
137 124 126 1 1 0 0
1 72 1
1 2e11 0.001257 7850
1 5 15 1
2 6 16 1
3 5 11 1
4 6 14 1
5 15 1 1
6 16 4 1
7 15 25 1
8 16 26 1
9 15 21 1
10 16 24 1
11 25 11 1
12 26 14 1
13 25 35 1
14 26 36 1
15 25 31 1
16 26 34 1
17 35 21 1
18 36 24 1
19 35 45 1
20 36 46 1
21 35 41 1
22 36 44 1
23 45 31 1
24 46 34 1
25 45 55 1
26 46 56 1
27 45 51 1
28 46 54 1
29 55 41 1
30 56 44 1
31 55 65 1
32 56 66 1
33 55 61 1
34 56 64 1
35 65 51 1
36 66 54 1
37 65 75 1
38 66 76 1
39 65 71 1
40 66 74 1
41 75 61 1
42 76 64 1
43 75 85 1
44 76 86 1
45 75 81 1
46 76 84 1
47 85 71 1
48 86 74 1
49 85 95 1
50 86 96 1
51 85 91 1
52 86 94 1
53 95 81 1
54 96 84 1
55 95 105 1
56 96 106 1
57 95 101 1
58 96 104 1
59 105 91 1
60 106 94 1
61 105 115 1
62 106 116 1
63 105 111 1
64 106 114 1
65 115 101 1
66 116 104 1
67 115 125 1
68 116 126 1
69 115 121 1
70 116 124 1
71 125 111 1
72 126 114 1