Verification Case 4: 3D L-Shaped Beam (Bending and Torsion)
9 1 1 1 0

1 1 1 1 1 1 1 0.0 0.0 0.0
2 0 0 0 0 0 0 0.5 0.0 0.0
3 0 0 0 0 0 0 1.0 0.0 0.0
4 0 0 0 0 0 0 1.5 0.0 0.0
5 0 0 0 0 0 0 2.0 0.0 0.0
6 0 0 0 0 0 0 2.0 0.5 0.0
7 0 0 0 0 0 0 2.0 1.0 0.0
8 0 0 0 0 0 0 2.0 1.5 0.0
9 0 0 0 0 0 0 2.0 2.0 0.0
1 2
9 2 1000.0
9 3 1000.0
2 8 1
1 2.0e11 7.69e10 0.01 8.33333e-6 8.33333e-6 1.4e-5 7850.0
1 1 2 1 0.0 1.0 0.0
2 2 3 1 0.0 1.0 0.0
3 3 4 1 0.0 1.0 0.0
4 4 5 1 0.0 1.0 0.0
5 5 6 1 0.0 0.0 1.0
6 6 7 1 0.0 0.0 1.0
7 7 8 1 0.0 0.0 1.0
8 8 9 1 0.0 0.0 1.0