Verification Case 3: 40m Bridge (Fixed Z & Rot)
164 2 1 1 1
0.005 2000 0.8 0.5 0.002

1 1 1 1 0 0 0 0.00 0.0 0.0
2 1 1 1 0 0 0 0.00 0.0 4.00
3 0 0 1 1 1 1 0.00 3.00 0.0
4 0 0 1 1 1 1 0.00 3.00 4.00
5 0 0 0 0 0 0 1.00 0.0 0.0
6 0 0 0 0 0 0 1.00 0.0 4.00
7 0 0 1 1 1 1 1.00 3.00 0.0
8 0 0 1 1 1 1 1.00 3.00 4.00
9 0 0 0 0 0 0 2.00 0.0 0.0
10 0 0 0 0 0 0 2.00 0.0 4.00
11 0 0 1 1 1 1 2.00 3.00 0.0
12 0 0 1 1 1 1 2.00 3.00 4.00
13 0 0 0 0 0 0 3.00 0.0 0.0
14 0 0 0 0 0 0 3.00 0.0 4.00
15 0 0 1 1 1 1 3.00 3.00 0.0
16 0 0 1 1 1 1 3.00 3.00 4.00
17 0 0 0 0 0 0 4.00 0.0 0.0
18 0 0 0 0 0 0 4.00 0.0 4.00
19 0 0 1 1 1 1 4.00 3.00 0.0
20 0 0 1 1 1 1 4.00 3.00 4.00
21 0 0 0 0 0 0 5.00 0.0 0.0
22 0 0 0 0 0 0 5.00 0.0 4.00
23 0 0 1 1 1 1 5.00 3.00 0.0
24 0 0 1 1 1 1 5.00 3.00 4.00
25 0 0 0 0 0 0 6.00 0.0 0.0
26 0 0 0 0 0 0 6.00 0.0 4.00
27 0 0 1 1 1 1 6.00 3.00 0.0
28 0 0 1 1 1 1 6.00 3.00 4.00
29 0 0 0 0 0 0 7.00 0.0 0.0
30 0 0 0 0 0 0 7.00 0.0 4.00
31 0 0 1 1 1 1 7.00 3.00 0.0
32 0 0 1 1 1 1 7.00 3.00 4.00
33 0 0 0 0 0 0 8.00 0.0 0.0
34 0 0 0 0 0 0 8.00 0.0 4.00
35 0 0 1 1 1 1 8.00 3.00 0.0
36 0 0 1 1 1 1 8.00 3.00 4.00
37 0 0 0 0 0 0 9.00 0.0 0.0
38 0 0 0 0 0 0 9.00 0.0 4.00
39 0 0 1 1 1 1 9.00 3.00 0.0
40 0 0 1 1 1 1 9.00 3.00 4.00
41 0 0 0 0 0 0 10.00 0.0 0.0
42 0 0 0 0 0 0 10.00 0.0 4.00
43 0 0 1 1 1 1 10.00 3.00 0.0
44 0 0 1 1 1 1 10.00 3.00 4.00
45 0 0 0 0 0 0 11.00 0.0 0.0
46 0 0 0 0 0 0 11.00 0.0 4.00
47 0 0 1 1 1 1 11.00 3.00 0.0
48 0 0 1 1 1 1 11.00 3.00 4.00
49 0 0 0 0 0 0 12.00 0.0 0.0
50 0 0 0 0 0 0 12.00 0.0 4.00
51 0 0 1 1 1 1 12.00 3.00 0.0
52 0 0 1 1 1 1 12.00 3.00 4.00
53 0 0 0 0 0 0 13.00 0.0 0.0
54 0 0 0 0 0 0 13.00 0.0 4.00
55 0 0 1 1 1 1 13.00 3.00 0.0
56 0 0 1 1 1 1 13.00 3.00 4.00
57 0 0 0 0 0 0 14.00 0.0 0.0
58 0 0 0 0 0 0 14.00 0.0 4.00
59 0 0 1 1 1 1 14.00 3.00 0.0
60 0 0 1 1 1 1 14.00 3.00 4.00
61 0 0 0 0 0 0 15.00 0.0 0.0
62 0 0 0 0 0 0 15.00 0.0 4.00
63 0 0 1 1 1 1 15.00 3.00 0.0
64 0 0 1 1 1 1 15.00 3.00 4.00
65 0 0 0 0 0 0 16.00 0.0 0.0
66 0 0 0 0 0 0 16.00 0.0 4.00
67 0 0 1 1 1 1 16.00 3.00 0.0
68 0 0 1 1 1 1 16.00 3.00 4.00
69 0 0 0 0 0 0 17.00 0.0 0.0
70 0 0 0 0 0 0 17.00 0.0 4.00
71 0 0 1 1 1 1 17.00 3.00 0.0
72 0 0 1 1 1 1 17.00 3.00 4.00
73 0 0 0 0 0 0 18.00 0.0 0.0
74 0 0 0 0 0 0 18.00 0.0 4.00
75 0 0 1 1 1 1 18.00 3.00 0.0
76 0 0 1 1 1 1 18.00 3.00 4.00
77 0 0 0 0 0 0 19.00 0.0 0.0
78 0 0 0 0 0 0 19.00 0.0 4.00
79 0 0 1 1 1 1 19.00 3.00 0.0
80 0 0 1 1 1 1 19.00 3.00 4.00
81 0 0 0 0 0 0 20.00 0.0 0.0
82 0 0 0 0 0 0 20.00 0.0 4.00
83 0 0 1 1 1 1 20.00 3.00 0.0
84 0 0 1 1 1 1 20.00 3.00 4.00
85 0 0 0 0 0 0 21.00 0.0 0.0
86 0 0 0 0 0 0 21.00 0.0 4.00
87 0 0 1 1 1 1 21.00 3.00 0.0
88 0 0 1 1 1 1 21.00 3.00 4.00
89 0 0 0 0 0 0 22.00 0.0 0.0
90 0 0 0 0 0 0 22.00 0.0 4.00
91 0 0 1 1 1 1 22.00 3.00 0.0
92 0 0 1 1 1 1 22.00 3.00 4.00
93 0 0 0 0 0 0 23.00 0.0 0.0
94 0 0 0 0 0 0 23.00 0.0 4.00
95 0 0 1 1 1 1 23.00 3.00 0.0
96 0 0 1 1 1 1 23.00 3.00 4.00
97 0 0 0 0 0 0 24.00 0.0 0.0
98 0 0 0 0 0 0 24.00 0.0 4.00
99 0 0 1 1 1 1 24.00 3.00 0.0
100 0 0 1 1 1 1 24.00 3.00 4.00
101 0 0 0 0 0 0 25.00 0.0 0.0
102 0 0 0 0 0 0 25.00 0.0 4.00
103 0 0 1 1 1 1 25.00 3.00 0.0
104 0 0 1 1 1 1 25.00 3.00 4.00
105 0 0 0 0 0 0 26.00 0.0 0.0
106 0 0 0 0 0 0 26.00 0.0 4.00
107 0 0 1 1 1 1 26.00 3.00 0.0
108 0 0 1 1 1 1 26.00 3.00 4.00
109 0 0 0 0 0 0 27.00 0.0 0.0
110 0 0 0 0 0 0 27.00 0.0 4.00
111 0 0 1 1 1 1 27.00 3.00 0.0
112 0 0 1 1 1 1 27.00 3.00 4.00
113 0 0 0 0 0 0 28.00 0.0 0.0
114 0 0 0 0 0 0 28.00 0.0 4.00
115 0 0 1 1 1 1 28.00 3.00 0.0
116 0 0 1 1 1 1 28.00 3.00 4.00
117 0 0 0 0 0 0 29.00 0.0 0.0
118 0 0 0 0 0 0 29.00 0.0 4.00
119 0 0 1 1 1 1 29.00 3.00 0.0
120 0 0 1 1 1 1 29.00 3.00 4.00
121 0 0 0 0 0 0 30.00 0.0 0.0
122 0 0 0 0 0 0 30.00 0.0 4.00
123 0 0 1 1 1 1 30.00 3.00 0.0
124 0 0 1 1 1 1 30.00 3.00 4.00
125 0 0 0 0 0 0 31.00 0.0 0.0
126 0 0 0 0 0 0 31.00 0.0 4.00
127 0 0 1 1 1 1 31.00 3.00 0.0
128 0 0 1 1 1 1 31.00 3.00 4.00
129 0 0 0 0 0 0 32.00 0.0 0.0
130 0 0 0 0 0 0 32.00 0.0 4.00
131 0 0 1 1 1 1 32.00 3.00 0.0
132 0 0 1 1 1 1 32.00 3.00 4.00
133 0 0 0 0 0 0 33.00 0.0 0.0
134 0 0 0 0 0 0 33.00 0.0 4.00
135 0 0 1 1 1 1 33.00 3.00 0.0
136 0 0 1 1 1 1 33.00 3.00 4.00
137 0 0 0 0 0 0 34.00 0.0 0.0
138 0 0 0 0 0 0 34.00 0.0 4.00
139 0 0 1 1 1 1 34.00 3.00 0.0
140 0 0 1 1 1 1 34.00 3.00 4.00
141 0 0 0 0 0 0 35.00 0.0 0.0
142 0 0 0 0 0 0 35.00 0.0 4.00
143 0 0 1 1 1 1 35.00 3.00 0.0
144 0 0 1 1 1 1 35.00 3.00 4.00
145 0 0 0 0 0 0 36.00 0.0 0.0
146 0 0 0 0 0 0 36.00 0.0 4.00
147 0 0 1 1 1 1 36.00 3.00 0.0
148 0 0 1 1 1 1 36.00 3.00 4.00
149 0 0 0 0 0 0 37.00 0.0 0.0
150 0 0 0 0 0 0 37.00 0.0 4.00
151 0 0 1 1 1 1 37.00 3.00 0.0
152 0 0 1 1 1 1 37.00 3.00 4.00
153 0 0 0 0 0 0 38.00 0.0 0.0
154 0 0 0 0 0 0 38.00 0.0 4.00
155 0 0 1 1 1 1 38.00 3.00 0.0
156 0 0 1 1 1 1 38.00 3.00 4.00
157 0 0 0 0 0 0 39.00 0.0 0.0
158 0 0 0 0 0 0 39.00 0.0 4.00
159 0 0 1 1 1 1 39.00 3.00 0.0
160 0 0 1 1 1 1 39.00 3.00 4.00
161 0 1 1 0 0 0 40.00 0.0 0.0
162 0 1 1 0 0 0 40.00 0.0 4.00
163 0 0 1 1 1 1 40.00 3.00 0.0
164 0 0 1 1 1 1 40.00 3.00 4.00

1 82
1 2 -5000.0
2 2 -5000.0
5 2 -5000.0
6 2 -5000.0
9 2 -5000.0
10 2 -5000.0
13 2 -5000.0
14 2 -5000.0
17 2 -5000.0
18 2 -5000.0
21 2 -5000.0
22 2 -5000.0
25 2 -5000.0
26 2 -5000.0
29 2 -5000.0
30 2 -5000.0
33 2 -5000.0
34 2 -5000.0
37 2 -5000.0
38 2 -5000.0
41 2 -5000.0
42 2 -5000.0
45 2 -5000.0
46 2 -5000.0
49 2 -5000.0
50 2 -5000.0
53 2 -5000.0
54 2 -5000.0
57 2 -5000.0
58 2 -5000.0
61 2 -5000.0
62 2 -5000.0
65 2 -5000.0
66 2 -5000.0
69 2 -5000.0
70 2 -5000.0
73 2 -5000.0
74 2 -5000.0
77 2 -5000.0
78 2 -5000.0
81 2 -5000.0
82 2 -5000.0
85 2 -5000.0
86 2 -5000.0
89 2 -5000.0
90 2 -5000.0
93 2 -5000.0
94 2 -5000.0
97 2 -5000.0
98 2 -5000.0
101 2 -5000.0
102 2 -5000.0
105 2 -5000.0
106 2 -5000.0
109 2 -5000.0
110 2 -5000.0
113 2 -5000.0
114 2 -5000.0
117 2 -5000.0
118 2 -5000.0
121 2 -5000.0
122 2 -5000.0
125 2 -5000.0
126 2 -5000.0
129 2 -5000.0
130 2 -5000.0
133 2 -5000.0
134 2 -5000.0
137 2 -5000.0
138 2 -5000.0
141 2 -5000.0
142 2 -5000.0
145 2 -5000.0
146 2 -5000.0
149 2 -5000.0
150 2 -5000.0
153 2 -5000.0
154 2 -5000.0
157 2 -5000.0
158 2 -5000.0
161 2 -5000.0
162 2 -5000.0

2 121 1
1 2.0e11  7.7e10  0.01  8.33333e-6 8.33333e-6 1.41e-5  7850
1 1 5 1 0.0 1.0 0.0
2 2 6 1 0.0 1.0 0.0
3 5 9 1 0.0 1.0 0.0
4 6 10 1 0.0 1.0 0.0
5 9 13 1 0.0 1.0 0.0
6 10 14 1 0.0 1.0 0.0
7 13 17 1 0.0 1.0 0.0
8 14 18 1 0.0 1.0 0.0
9 17 21 1 0.0 1.0 0.0
10 18 22 1 0.0 1.0 0.0
11 21 25 1 0.0 1.0 0.0
12 22 26 1 0.0 1.0 0.0
13 25 29 1 0.0 1.0 0.0
14 26 30 1 0.0 1.0 0.0
15 29 33 1 0.0 1.0 0.0
16 30 34 1 0.0 1.0 0.0
17 33 37 1 0.0 1.0 0.0
18 34 38 1 0.0 1.0 0.0
19 37 41 1 0.0 1.0 0.0
20 38 42 1 0.0 1.0 0.0
21 41 45 1 0.0 1.0 0.0
22 42 46 1 0.0 1.0 0.0
23 45 49 1 0.0 1.0 0.0
24 46 50 1 0.0 1.0 0.0
25 49 53 1 0.0 1.0 0.0
26 50 54 1 0.0 1.0 0.0
27 53 57 1 0.0 1.0 0.0
28 54 58 1 0.0 1.0 0.0
29 57 61 1 0.0 1.0 0.0
30 58 62 1 0.0 1.0 0.0
31 61 65 1 0.0 1.0 0.0
32 62 66 1 0.0 1.0 0.0
33 65 69 1 0.0 1.0 0.0
34 66 70 1 0.0 1.0 0.0
35 69 73 1 0.0 1.0 0.0
36 70 74 1 0.0 1.0 0.0
37 73 77 1 0.0 1.0 0.0
38 74 78 1 0.0 1.0 0.0
39 77 81 1 0.0 1.0 0.0
40 78 82 1 0.0 1.0 0.0
41 81 85 1 0.0 1.0 0.0
42 82 86 1 0.0 1.0 0.0
43 85 89 1 0.0 1.0 0.0
44 86 90 1 0.0 1.0 0.0
45 89 93 1 0.0 1.0 0.0
46 90 94 1 0.0 1.0 0.0
47 93 97 1 0.0 1.0 0.0
48 94 98 1 0.0 1.0 0.0
49 97 101 1 0.0 1.0 0.0
50 98 102 1 0.0 1.0 0.0
51 101 105 1 0.0 1.0 0.0
52 102 106 1 0.0 1.0 0.0
53 105 109 1 0.0 1.0 0.0
54 106 110 1 0.0 1.0 0.0
55 109 113 1 0.0 1.0 0.0
56 110 114 1 0.0 1.0 0.0
57 113 117 1 0.0 1.0 0.0
58 114 118 1 0.0 1.0 0.0
59 117 121 1 0.0 1.0 0.0
60 118 122 1 0.0 1.0 0.0
61 121 125 1 0.0 1.0 0.0
62 122 126 1 0.0 1.0 0.0
63 125 129 1 0.0 1.0 0.0
64 126 130 1 0.0 1.0 0.0
65 129 133 1 0.0 1.0 0.0
66 130 134 1 0.0 1.0 0.0
67 133 137 1 0.0 1.0 0.0
68 134 138 1 0.0 1.0 0.0
69 137 141 1 0.0 1.0 0.0
70 138 142 1 0.0 1.0 0.0
71 141 145 1 0.0 1.0 0.0
72 142 146 1 0.0 1.0 0.0
73 145 149 1 0.0 1.0 0.0
74 146 150 1 0.0 1.0 0.0
75 149 153 1 0.0 1.0 0.0
76 150 154 1 0.0 1.0 0.0
77 153 157 1 0.0 1.0 0.0
78 154 158 1 0.0 1.0 0.0
79 157 161 1 0.0 1.0 0.0
80 158 162 1 0.0 1.0 0.0
81 1 2 1 1.0 0.0 0.0
82 5 6 1 1.0 0.0 0.0
83 9 10 1 1.0 0.0 0.0
84 13 14 1 1.0 0.0 0.0
85 17 18 1 1.0 0.0 0.0
86 21 22 1 1.0 0.0 0.0
87 25 26 1 1.0 0.0 0.0
88 29 30 1 1.0 0.0 0.0
89 33 34 1 1.0 0.0 0.0
90 37 38 1 1.0 0.0 0.0
91 41 42 1 1.0 0.0 0.0
92 45 46 1 1.0 0.0 0.0
93 49 50 1 1.0 0.0 0.0
94 53 54 1 1.0 0.0 0.0
95 57 58 1 1.0 0.0 0.0
96 61 62 1 1.0 0.0 0.0
97 65 66 1 1.0 0.0 0.0
98 69 70 1 1.0 0.0 0.0
99 73 74 1 1.0 0.0 0.0
100 77 78 1 1.0 0.0 0.0
101 81 82 1 1.0 0.0 0.0
102 85 86 1 1.0 0.0 0.0
103 89 90 1 1.0 0.0 0.0
104 93 94 1 1.0 0.0 0.0
105 97 98 1 1.0 0.0 0.0
106 101 102 1 1.0 0.0 0.0
107 105 106 1 1.0 0.0 0.0
108 109 110 1 1.0 0.0 0.0
109 113 114 1 1.0 0.0 0.0
110 117 118 1 1.0 0.0 0.0
111 121 122 1 1.0 0.0 0.0
112 125 126 1 1.0 0.0 0.0
113 129 130 1 1.0 0.0 0.0
114 133 134 1 1.0 0.0 0.0
115 137 138 1 1.0 0.0 0.0
116 141 142 1 1.0 0.0 0.0
117 145 146 1 1.0 0.0 0.0
118 149 150 1 1.0 0.0 0.0
119 153 154 1 1.0 0.0 0.0
120 157 158 1 1.0 0.0 0.0
121 161 162 1 1.0 0.0 0.0
1 242 1
1 2.0e11 0.001257 7850
1 3 7 1
2 4 8 1
3 1 7 1
4 2 8 1
5 7 11 1
6 8 12 1
7 5 11 1
8 6 12 1
9 11 15 1
10 12 16 1
11 9 15 1
12 10 16 1
13 15 19 1
14 16 20 1
15 13 19 1
16 14 20 1
17 19 23 1
18 20 24 1
19 17 23 1
20 18 24 1
21 23 27 1
22 24 28 1
23 21 27 1
24 22 28 1
25 27 31 1
26 28 32 1
27 25 31 1
28 26 32 1
29 31 35 1
30 32 36 1
31 29 35 1
32 30 36 1
33 35 39 1
34 36 40 1
35 33 39 1
36 34 40 1
37 39 43 1
38 40 44 1
39 37 43 1
40 38 44 1
41 43 47 1
42 44 48 1
43 41 47 1
44 42 48 1
45 47 51 1
46 48 52 1
47 45 51 1
48 46 52 1
49 51 55 1
50 52 56 1
51 49 55 1
52 50 56 1
53 55 59 1
54 56 60 1
55 53 59 1
56 54 60 1
57 59 63 1
58 60 64 1
59 57 63 1
60 58 64 1
61 63 67 1
62 64 68 1
63 61 67 1
64 62 68 1
65 67 71 1
66 68 72 1
67 65 71 1
68 66 72 1
69 71 75 1
70 72 76 1
71 69 75 1
72 70 76 1
73 75 79 1
74 76 80 1
75 73 79 1
76 74 80 1
77 79 83 1
78 80 84 1
79 77 83 1
80 78 84 1
81 83 87 1
82 84 88 1
83 81 87 1
84 82 88 1
85 87 91 1
86 88 92 1
87 85 91 1
88 86 92 1
89 91 95 1
90 92 96 1
91 89 95 1
92 90 96 1
93 95 99 1
94 96 100 1
95 93 99 1
96 94 100 1
97 99 103 1
98 100 104 1
99 97 103 1
100 98 104 1
101 103 107 1
102 104 108 1
103 101 107 1
104 102 108 1
105 107 111 1
106 108 112 1
107 105 111 1
108 106 112 1
109 111 115 1
110 112 116 1
111 109 115 1
112 110 116 1
113 115 119 1
114 116 120 1
115 113 119 1
116 114 120 1
117 119 123 1
118 120 124 1
119 117 123 1
120 118 124 1
121 123 127 1
122 124 128 1
123 121 127 1
124 122 128 1
125 127 131 1
126 128 132 1
127 125 131 1
128 126 132 1
129 131 135 1
130 132 136 1
131 129 135 1
132 130 136 1
133 135 139 1
134 136 140 1
135 133 139 1
136 134 140 1
137 139 143 1
138 140 144 1
139 137 143 1
140 138 144 1
141 143 147 1
142 144 148 1
143 141 147 1
144 142 148 1
145 147 151 1
146 148 152 1
147 145 151 1
148 146 152 1
149 151 155 1
150 152 156 1
151 149 155 1
152 150 156 1
153 155 159 1
154 156 160 1
155 153 159 1
156 154 160 1
157 159 163 1
158 160 164 1
159 157 163 1
160 158 164 1
161 1 3 1
162 2 4 1
163 5 7 1
164 6 8 1
165 9 11 1
166 10 12 1
167 13 15 1
168 14 16 1
169 17 19 1
170 18 20 1
171 21 23 1
172 22 24 1
173 25 27 1
174 26 28 1
175 29 31 1
176 30 32 1
177 33 35 1
178 34 36 1
179 37 39 1
180 38 40 1
181 41 43 1
182 42 44 1
183 45 47 1
184 46 48 1
185 49 51 1
186 50 52 1
187 53 55 1
188 54 56 1
189 57 59 1
190 58 60 1
191 61 63 1
192 62 64 1
193 65 67 1
194 66 68 1
195 69 71 1
196 70 72 1
197 73 75 1
198 74 76 1
199 77 79 1
200 78 80 1
201 81 83 1
202 82 84 1
203 85 87 1
204 86 88 1
205 89 91 1
206 90 92 1
207 93 95 1
208 94 96 1
209 97 99 1
210 98 100 1
211 101 103 1
212 102 104 1
213 105 107 1
214 106 108 1
215 109 111 1
216 110 112 1
217 113 115 1
218 114 116 1
219 117 119 1
220 118 120 1
221 121 123 1
222 122 124 1
223 125 127 1
224 126 128 1
225 129 131 1
226 130 132 1
227 133 135 1
228 134 136 1
229 137 139 1
230 138 140 1
231 141 143 1
232 142 144 1
233 145 147 1
234 146 148 1
235 149 151 1
236 150 152 1
237 153 155 1
238 154 156 1
239 157 159 1
240 158 160 1
241 161 163 1
242 162 164 1
