Verification Case 1: 2D Mixed Beam-Truss Frame
11 2 1 1 0

1 1 0 1 1 1 0 0.0 2.0 0.0
2 0 0 1 1 1 0 0.5 2.0 0.0
3 0 0 1 1 1 0 1.0 2.0 0.0
4 0 0 1 1 1 0 1.5 2.0 0.0
5 0 0 1 1 1 0 2.0 2.0 0.0
6 0 0 1 1 1 0 2.5 2.0 0.0
7 0 0 1 1 1 0 3.0 2.0 0.0
8 0 0 1 1 1 0 3.5 2.0 0.0
9 0 0 1 1 1 0 4.0 2.0 0.0
10 1 1 1 1 1 1 0.0 0.0 0.0
11 1 1 1 1 1 1 4.0 0.0 0.0
1 1
5 2 -1000.0
2 8 1
1 2.0e11 7.69e10 0.01 8.333e-6 8.333e-6 1.4e-5 7850.0
1 1 2 1 0.0 0.0 1.0
2 2 3 1 0.0 0.0 1.0
3 3 4 1 0.0 0.0 1.0
4 4 5 1 0.0 0.0 1.0
5 5 6 1 0.0 0.0 1.0
6 6 7 1 0.0 0.0 1.0
7 7 8 1 0.0 0.0 1.0
8 8 9 1 0.0 0.0 1.0
1 2 1
1 2.0e11 0.001257 7850.0
1 10 1 1
2 11 9 1
