Cantilever Beam Test (3 Elements)
    4    1    1    1
    1    1    1    1    1    1    1       0.0       0.0       0.0
    2    0    0    0    0    0    0       1.0       0.0       0.0
    3    0    0    0    0    0    0       2.0       0.0       0.0
    4    0    0    0    0    0    0       3.0       0.0       0.0
    1    1
    4    2   -10000.0
    2    3    1
    1    2.0e11  8.0e10  0.01  0.0001 0.0001 0.0002
    1    1    2    1       0.0       1.0       0.0
    2    2    3    1       0.0       1.0       0.0
    3    3    4    1       0.0       1.0       0.0
stop

