Verification Case: Fixed Truss Rotations
  102     2     1     1     1
    0.0100        500       0.80     5.0000     0.0000
    1     1     1     1     1     1     1        0.000000        0.000000        0.000000
    2     0     0     0     0     0     0        0.100000        0.000000        0.000000
    3     0     0     0     0     0     0        0.200000        0.000000        0.000000
    4     0     0     0     0     0     0        0.300000        0.000000        0.000000
    5     0     0     0     0     0     0        0.400000        0.000000        0.000000
    6     0     0     0     0     0     0        0.500000        0.000000        0.000000
    7     0     0     0     0     0     0        0.600000        0.000000        0.000000
    8     0     0     0     0     0     0        0.700000        0.000000        0.000000
    9     0     0     0     0     0     0        0.800000        0.000000        0.000000
   10     0     0     0     0     0     0        0.900000        0.000000        0.000000
   11     0     0     0     0     0     0        1.000000        0.000000        0.000000
   12     0     0     0     0     0     0        1.100000        0.000000        0.000000
   13     0     0     0     0     0     0        1.200000        0.000000        0.000000
   14     0     0     0     0     0     0        1.300000        0.000000        0.000000
   15     0     0     0     0     0     0        1.400000        0.000000        0.000000
   16     0     0     0     0     0     0        1.500000        0.000000        0.000000
   17     0     0     0     0     0     0        1.600000        0.000000        0.000000
   18     0     0     0     0     0     0        1.700000        0.000000        0.000000
   19     0     0     0     0     0     0        1.800000        0.000000        0.000000
   20     0     0     0     0     0     0        1.900000        0.000000        0.000000
   21     0     0     0     0     0     0        2.000000        0.000000        0.000000
   22     0     0     0     0     0     0        2.100000        0.000000        0.000000
   23     0     0     0     0     0     0        2.200000        0.000000        0.000000
   24     0     0     0     0     0     0        2.300000        0.000000        0.000000
   25     0     0     0     0     0     0        2.400000        0.000000        0.000000
   26     0     0     0     0     0     0        2.500000        0.000000        0.000000
   27     0     0     0     0     0     0        2.600000        0.000000        0.000000
   28     0     0     0     0     0     0        2.700000        0.000000        0.000000
   29     0     0     0     0     0     0        2.800000        0.000000        0.000000
   30     0     0     0     0     0     0        2.900000        0.000000        0.000000
   31     0     0     0     0     0     0        3.000000        0.000000        0.000000
   32     0     0     0     0     0     0        3.100000        0.000000        0.000000
   33     0     0     0     0     0     0        3.200000        0.000000        0.000000
   34     0     0     0     0     0     0        3.300000        0.000000        0.000000
   35     0     0     0     0     0     0        3.400000        0.000000        0.000000
   36     0     0     0     0     0     0        3.500000        0.000000        0.000000
   37     0     0     0     0     0     0        3.600000        0.000000        0.000000
   38     0     0     0     0     0     0        3.700000        0.000000        0.000000
   39     0     0     0     0     0     0        3.800000        0.000000        0.000000
   40     0     0     0     0     0     0        3.900000        0.000000        0.000000
   41     0     0     0     0     0     0        4.000000        0.000000        0.000000
   42     0     0     0     0     0     0        4.100000        0.000000        0.000000
   43     0     0     0     0     0     0        4.200000        0.000000        0.000000
   44     0     0     0     0     0     0        4.300000        0.000000        0.000000
   45     0     0     0     0     0     0        4.400000        0.000000        0.000000
   46     0     0     0     0     0     0        4.500000        0.000000        0.000000
   47     0     0     0     0     0     0        4.600000        0.000000        0.000000
   48     0     0     0     0     0     0        4.700000        0.000000        0.000000
   49     0     0     0     0     0     0        4.800000        0.000000        0.000000
   50     0     0     0     0     0     0        4.900000        0.000000        0.000000
   51     0     0     0     0     0     0        5.000000        0.000000        0.000000
   52     0     0     0     0     0     0        5.100000        0.000000        0.000000
   53     0     0     0     0     0     0        5.200000        0.000000        0.000000
   54     0     0     0     0     0     0        5.300000        0.000000        0.000000
   55     0     0     0     0     0     0        5.400000        0.000000        0.000000
   56     0     0     0     0     0     0        5.500000        0.000000        0.000000
   57     0     0     0     0     0     0        5.600000        0.000000        0.000000
   58     0     0     0     0     0     0        5.700000        0.000000        0.000000
   59     0     0     0     0     0     0        5.800000        0.000000        0.000000
   60     0     0     0     0     0     0        5.900000        0.000000        0.000000
   61     0     0     0     0     0     0        6.000000        0.000000        0.000000
   62     0     0     0     0     0     0        6.100000        0.000000        0.000000
   63     0     0     0     0     0     0        6.200000        0.000000        0.000000
   64     0     0     0     0     0     0        6.300000        0.000000        0.000000
   65     0     0     0     0     0     0        6.400000        0.000000        0.000000
   66     0     0     0     0     0     0        6.500000        0.000000        0.000000
   67     0     0     0     0     0     0        6.600000        0.000000        0.000000
   68     0     0     0     0     0     0        6.700000        0.000000        0.000000
   69     0     0     0     0     0     0        6.800000        0.000000        0.000000
   70     0     0     0     0     0     0        6.900000        0.000000        0.000000
   71     0     0     0     0     0     0        7.000000        0.000000        0.000000
   72     0     0     0     0     0     0        7.100000        0.000000        0.000000
   73     0     0     0     0     0     0        7.200000        0.000000        0.000000
   74     0     0     0     0     0     0        7.300000        0.000000        0.000000
   75     0     0     0     0     0     0        7.400000        0.000000        0.000000
   76     0     0     0     0     0     0        7.500000        0.000000        0.000000
   77     0     0     0     0     0     0        7.600000        0.000000        0.000000
   78     0     0     0     0     0     0        7.700000        0.000000        0.000000
   79     0     0     0     0     0     0        7.800000        0.000000        0.000000
   80     0     0     0     0     0     0        7.900000        0.000000        0.000000
   81     0     0     0     0     0     0        8.000000        0.000000        0.000000
   82     0     0     0     0     0     0        8.100000        0.000000        0.000000
   83     0     0     0     0     0     0        8.200000        0.000000        0.000000
   84     0     0     0     0     0     0        8.300000        0.000000        0.000000
   85     0     0     0     0     0     0        8.400000        0.000000        0.000000
   86     0     0     0     0     0     0        8.500000        0.000000        0.000000
   87     0     0     0     0     0     0        8.600000        0.000000        0.000000
   88     0     0     0     0     0     0        8.700000        0.000000        0.000000
   89     0     0     0     0     0     0        8.800000        0.000000        0.000000
   90     0     0     0     0     0     0        8.900000        0.000000        0.000000
   91     0     0     0     0     0     0        9.000000        0.000000        0.000000
   92     0     0     0     0     0     0        9.100000        0.000000        0.000000
   93     0     0     0     0     0     0        9.200000        0.000000        0.000000
   94     0     0     0     0     0     0        9.300000        0.000000        0.000000
   95     0     0     0     0     0     0        9.400000        0.000000        0.000000
   96     0     0     0     0     0     0        9.500000        0.000000        0.000000
   97     0     0     0     0     0     0        9.600000        0.000000        0.000000
   98     0     0     0     0     0     0        9.700000        0.000000        0.000000
   99     0     0     0     0     0     0        9.800000        0.000000        0.000000
  100     0     0     0     0     0     0        9.900000        0.000000        0.000000
  101     0     0     0     0     0     0       10.000000        0.000000        0.000000
  102     0     0     0     1     1     1       10.000000       -2.000000        0.000000
   1    1
  102     2    -1000.000000
   2   100    1
   1  2.000e+11  8.000e+10  1.000e-02  8.333e-06  8.333e-06  1.000e-04  7.850e+03
    1     1     2    1    0.0    1.0    0.0
    2     2     3    1    0.0    1.0    0.0
    3     3     4    1    0.0    1.0    0.0
    4     4     5    1    0.0    1.0    0.0
    5     5     6    1    0.0    1.0    0.0
    6     6     7    1    0.0    1.0    0.0
    7     7     8    1    0.0    1.0    0.0
    8     8     9    1    0.0    1.0    0.0
    9     9    10    1    0.0    1.0    0.0
   10    10    11    1    0.0    1.0    0.0
   11    11    12    1    0.0    1.0    0.0
   12    12    13    1    0.0    1.0    0.0
   13    13    14    1    0.0    1.0    0.0
   14    14    15    1    0.0    1.0    0.0
   15    15    16    1    0.0    1.0    0.0
   16    16    17    1    0.0    1.0    0.0
   17    17    18    1    0.0    1.0    0.0
   18    18    19    1    0.0    1.0    0.0
   19    19    20    1    0.0    1.0    0.0
   20    20    21    1    0.0    1.0    0.0
   21    21    22    1    0.0    1.0    0.0
   22    22    23    1    0.0    1.0    0.0
   23    23    24    1    0.0    1.0    0.0
   24    24    25    1    0.0    1.0    0.0
   25    25    26    1    0.0    1.0    0.0
   26    26    27    1    0.0    1.0    0.0
   27    27    28    1    0.0    1.0    0.0
   28    28    29    1    0.0    1.0    0.0
   29    29    30    1    0.0    1.0    0.0
   30    30    31    1    0.0    1.0    0.0
   31    31    32    1    0.0    1.0    0.0
   32    32    33    1    0.0    1.0    0.0
   33    33    34    1    0.0    1.0    0.0
   34    34    35    1    0.0    1.0    0.0
   35    35    36    1    0.0    1.0    0.0
   36    36    37    1    0.0    1.0    0.0
   37    37    38    1    0.0    1.0    0.0
   38    38    39    1    0.0    1.0    0.0
   39    39    40    1    0.0    1.0    0.0
   40    40    41    1    0.0    1.0    0.0
   41    41    42    1    0.0    1.0    0.0
   42    42    43    1    0.0    1.0    0.0
   43    43    44    1    0.0    1.0    0.0
   44    44    45    1    0.0    1.0    0.0
   45    45    46    1    0.0    1.0    0.0
   46    46    47    1    0.0    1.0    0.0
   47    47    48    1    0.0    1.0    0.0
   48    48    49    1    0.0    1.0    0.0
   49    49    50    1    0.0    1.0    0.0
   50    50    51    1    0.0    1.0    0.0
   51    51    52    1    0.0    1.0    0.0
   52    52    53    1    0.0    1.0    0.0
   53    53    54    1    0.0    1.0    0.0
   54    54    55    1    0.0    1.0    0.0
   55    55    56    1    0.0    1.0    0.0
   56    56    57    1    0.0    1.0    0.0
   57    57    58    1    0.0    1.0    0.0
   58    58    59    1    0.0    1.0    0.0
   59    59    60    1    0.0    1.0    0.0
   60    60    61    1    0.0    1.0    0.0
   61    61    62    1    0.0    1.0    0.0
   62    62    63    1    0.0    1.0    0.0
   63    63    64    1    0.0    1.0    0.0
   64    64    65    1    0.0    1.0    0.0
   65    65    66    1    0.0    1.0    0.0
   66    66    67    1    0.0    1.0    0.0
   67    67    68    1    0.0    1.0    0.0
   68    68    69    1    0.0    1.0    0.0
   69    69    70    1    0.0    1.0    0.0
   70    70    71    1    0.0    1.0    0.0
   71    71    72    1    0.0    1.0    0.0
   72    72    73    1    0.0    1.0    0.0
   73    73    74    1    0.0    1.0    0.0
   74    74    75    1    0.0    1.0    0.0
   75    75    76    1    0.0    1.0    0.0
   76    76    77    1    0.0    1.0    0.0
   77    77    78    1    0.0    1.0    0.0
   78    78    79    1    0.0    1.0    0.0
   79    79    80    1    0.0    1.0    0.0
   80    80    81    1    0.0    1.0    0.0
   81    81    82    1    0.0    1.0    0.0
   82    82    83    1    0.0    1.0    0.0
   83    83    84    1    0.0    1.0    0.0
   84    84    85    1    0.0    1.0    0.0
   85    85    86    1    0.0    1.0    0.0
   86    86    87    1    0.0    1.0    0.0
   87    87    88    1    0.0    1.0    0.0
   88    88    89    1    0.0    1.0    0.0
   89    89    90    1    0.0    1.0    0.0
   90    90    91    1    0.0    1.0    0.0
   91    91    92    1    0.0    1.0    0.0
   92    92    93    1    0.0    1.0    0.0
   93    93    94    1    0.0    1.0    0.0
   94    94    95    1    0.0    1.0    0.0
   95    95    96    1    0.0    1.0    0.0
   96    96    97    1    0.0    1.0    0.0
   97    97    98    1    0.0    1.0    0.0
   98    98    99    1    0.0    1.0    0.0
   99    99   100    1    0.0    1.0    0.0
  100   100   101    1    0.0    1.0    0.0
   1    1    1
   1  2.000e+11  1.000e-03  7.850e+03
   1   101   102    1
